U1_h.wav: 2.204553e+04 
U2_h.wav: 2.204532e+04 
U3_h.wav: 2.202631e+04 
U4_h.wav: 2.204833e+04 
U5_h.wav: 2.204424e+04 
U6_h.wav: 2.204922e+04 
S1_h.wav: 2.202777e+04 
S2_h.wav: 2.203497e+04 
S3_h.wav: 2.204522e+04 
S4_h.wav: 2.204691e+04 
S5_h.wav: 2.204848e+04 
S6_h.wav: 2.204665e+04 
S7_h.wav: 2.204712e+04 
S8_h.wav: 2.204483e+04 
S9_h.wav: 2.203669e+04 
S10_h.wav: 2.204740e+04 
S11_h.wav: 2.203969e+04 
S12_h.wav: 2.204483e+04 
S13_h.wav: 2.202892e+04 
L1_h.wav: 2.202880e+04 
L2_h.wav: 2.204345e+04 
L3_h.wav: 2.203756e+04 
L4_h.wav: 2.203951e+04 
L5_h.wav: 2.204281e+04 
L6_h.wav: 2.204592e+04 
L7_h.wav: 2.203454e+04 
L8_h.wav: 2.203916e+04 
L9_h.wav: 2.204002e+04 
L10_h.wav: 2.203827e+04 
O1_h.wav: 2.204239e+04 
O2_h.wav: 2.202838e+04 
O3_h.wav: 2.201332e+04 
O4_h.wav: 2.204158e+04 
O5_h.wav: 2.204934e+04 
O6_h.wav: 2.203394e+04 
O7_h.wav: 2.204071e+04 
O9_h.wav: 2.202537e+04 
O10_h.wav: 2.201238e+04 
O11_h.wav: 2.202570e+04 
O12_h.wav: 2.202031e+04 
O13_h.wav: 2.203757e+04 
O14_h.wav: 2.204210e+04 
O15_h.wav: 2.203864e+04 
O16_h.wav: 2.204382e+04 
O17_h.wav: 2.203470e+04 
N1_h.wav: 2.204355e+04 
N2_h.wav: 2.205010e+04 
N3_h.wav: 2.203908e+04 
N4_h.wav: 2.203118e+04 
N5_h.wav: 2.204865e+04 
N6_h.wav: 2.203444e+04 
N7_h.wav: 2.202826e+04 
N8_h.wav: 2.203660e+04 
N9_h.wav: 2.205007e+04 
N10_h.wav: 2.204522e+04 
N11_h.wav: 2.204609e+04 
N12_h.wav: 2.204924e+04 
N13_h.wav: 2.204741e+04 
N14_h.wav: 2.204170e+04 
O8_h.wav: 2.204195e+04 
O18_h.wav: 2.204929e+04
O19_h.wav: 2.204962e+04 
O20_h.wav: 2.204824e+04 
O21_h.wav: 2.203638e+04 
O22_h.wav: 2.204594e+04 
O23_h.wav: 2.204855e+04 
O24_h.wav: 2.203992e+04 
O25_h.wav: 2.204474e+04 
O26_h.wav: 2.204422e+04 
O27_h.wav: 2.204097e+04 
N1o_h.wav: 2.204713e+04 
N2o_h.wav: 2.203025e+04 
N3o_h.wav: 2.204841e+04 
N4o_h.wav: 2.204831e+04
N5o_h.wav: 2.203730e+04
N6o_h.wav: 2.204429e+04 
N7o_h.wav: 2.204847e+04 
N9o_h.wav: 2.203606e+04 
N10o_h.wav: 2.202408e+04 
N11o_h.wav: 2.202777e+04
N12o_h.wav: 2.202471e+04 
N13o_h.wav: 2.204596e+04 
N14o_h.wav: 2.203968e+04 
O8o_h.wav: 2.204197e+04 
O18o_h.wav: 2.203369e+04 
O19o_h.wav: 2.203694e+04 
O20o_h.wav: 2.204228e+04 
O21o_h.wav: 2.204088e+04 
O22o_h.wav: 2.203478e+04 
O23o_h.wav: 2.204301e+04 
O24o_h.wav: 2.204724e+04 
O25o_h.wav: 2.204738e+04 
O26o_h.wav: 2.204924e+04 
O27o_h.wav: 2.201140e+04 
N1t_h.wav: 2.204577e+04 
N2t_h.wav: 2.203539e+04
N3t_h.wav: 2.203212e+04
N4t_h.wav: 2.202943e+04 
N5t_h.wav: 2.203266e+04
N6t_h.wav: 2.204564e+04 
N7t_h.wav: 2.203721e+04 
N8o_h.wav: 2.203919e+04 
N8t_h.wav: 2.202933e+04 
N9t_h.wav: 2.201739e+04 
N10t_h.wav: 2.202848e+04 
N11t_h.wav: 2.203220e+04 
N12t_h.wav: 2.204020e+04 
N13t_h.wav: 2.203779e+04 
N14t_h.wav: 2.203900e+04 
O8t_h.wav: 2.204901e+04 
O18t_h.wav: 2.204464e+04 
O19t_h.wav: 2.203749e+04 
O20t_h.wav: 2.204883e+04
O21t_h.wav: 2.203845e+04 
O22t_h.wav: 2.203003e+04 
O23t_h.wav: 2.204535e+04 
O24t_h.wav: 2.202717e+04 
O25t_h.wav: 2.204674e+04 
O26t_h.wav: 2.204492e+04 
O27t_h.wav: 2.202586e+04 