U1_l.wav: 2.204989e+04 
U2_l.wav: 2.204927e+04 
U3_l.wav: 2.204995e+04 
U4_l.wav: 2.204964e+04 
U5_l.wav: 2.204995e+04 
U6_l.wav: 2.204983e+04 
S1_l.wav: 2.205006e+04 
S2_l.wav: 2.204862e+04 
S3_l.wav: 2.205006e+04 
S4_l.wav: 2.204999e+04 
S5_l.wav: 2.205009e+04 
S6_l.wav: 2.204959e+04 
S7_l.wav: 2.205004e+04 
S8_l.wav: 2.204989e+04 
S9_l.wav: 2.205005e+04 
S10_l.wav: 2.205010e+04 
S11_l.wav: 2.205005e+04 
S12_l.wav: 2.205002e+04 
S13_l.wav: 2.205003e+04 
O1_l.wav: 2.205003e+04 
O2_l.wav: 2.205012e+04 
O3_l.wav: 2.204983e+04 
O4_l.wav: 2.205004e+04 
O5_l.wav: 2.204996e+04 
O6_l.wav: 2.204996e+04 
O7_l.wav: 2.204952e+04 
O9_l.wav: 2.205004e+04 
O10_l.wav: 2.204999e+04 
O11_l.wav: 2.204749e+04 
O12_l.wav: 2.204857e+04 
O13_l.wav: 2.205003e+04 
O14_l.wav: 2.205010e+04 
O15_l.wav: 2.204801e+04 
O16_l.wav: 2.204856e+04 
O17_l.wav: 2.204980e+04 
L1_l.wav: 2.204954e+04 
L2_l.wav: 2.204850e+04 
L3_l.wav: 2.204295e+04 
L4_l.wav: 2.204184e+04 
L5_l.wav: 2.203137e+04 
L6_l.wav: 2.204351e+04 
L7_l.wav: 2.204836e+04 
L8_l.wav: 2.203466e+04 
L9_l.wav: 2.204907e+04 
L10_l.wav: 2.204219e+04 
N1_l.wav: 2.205007e+04 
N2_l.wav: 2.205006e+04 
N3_l.wav: 2.204998e+04 
N4_l.wav: 2.205005e+04 
N5_l.wav: 2.204998e+04 
N6_l.wav: 2.205001e+04 
N7_l.wav: 2.204993e+04 
N8_l.wav: 2.205003e+04 
N9_l.wav: 2.204995e+04 
N10_l.wav: 2.205009e+04 
N11_l.wav: 2.205008e+04 
N12_l.wav: 2.205000e+04 
N13_l.wav: 2.205001e+04 
N14_l.wav: 2.205009e+04 
O8_l.wav: 2.204279e+04 
O18_l.wav: 2.204520e+04 
O19_l.wav: 2.204875e+04 
O20_l.wav: 2.204557e+04 
O21_l.wav: 2.204870e+04 
O22_l.wav: 2.204645e+04 
O23_l.wav: 2.204310e+04 
O24_l.wav: 2.204548e+04 
O25_l.wav: 2.203313e+04 
O26_l.wav: 2.203754e+04 
O27_l.wav: 2.204386e+04 
N1o_l.wav: 2.204666e+04 
N2o_l.wav: 2.204808e+04 
N3o_l.wav: 2.203856e+04 
N4o_l.wav: 2.204032e+04 
N5o_l.wav: 2.204556e+04 
N6o_l.wav: 2.204274e+04 
N7o_l.wav: 2.204314e+04 
N8o_l.wav: 2.204896e+04 
N9o_l.wav: 2.204230e+04 
N10o_l.wav: 2.204518e+04 
N11o_l.wav: 2.203858e+04 
N12o_l.wav: 2.204870e+04 
N13o_l.wav: 2.204662e+04 
N14o_l.wav: 2.204666e+04 
O8o_l.wav: 2.203501e+04 
O18o_l.wav: 2.204322e+04 
O19o_l.wav: 2.204804e+04 
O20o_l.wav: 2.204902e+04 
O21o_l.wav: 2.204842e+04 
O22o_l.wav: 2.205010e+04 
O23o_l.wav: 2.204645e+04 
O24o_l.wav: 2.204539e+04 
O25o_l.wav: 2.203640e+04 
N1t_l.wav: 2.204818e+04 
N2t_l.wav: 2.204937e+04 
N3t_l.wav: 2.204101e+04 
N4t_l.wav: 2.204743e+04 
N5t_l.wav: 2.204782e+04 
N6t_l.wav: 2.203975e+04 
N7t_l.wav: 2.204565e+04 
N8t_l.wav: 2.204361e+04 
N9t_l.wav: 2.204412e+04 
N10t_l.wav: 2.203875e+04 
N11t_l.wav: 2.203513e+04 
N12t_l.wav: 2.204203e+04 
N13t_l.wav: 2.204887e+04 
N14t_l.wav: 2.204663e+04 
O8t_l.wav: 2.204800e+04 
O18t_l.wav: 2.203525e+04 
O19t_l.wav: 2.204584e+04 
O20t_l.wav: 2.203693e+04 
O21t_l.wav: 2.204236e+04 
O22t_l.wav: 2.204953e+04 
O23t_l.wav: 2.204698e+04 
O24t_l.wav: 2.204245e+04 
O25t_l.wav: 2.203645e+04 
O26o_l.wav: 2.204733e+04 
O26t_l.wav: 2.203791e+04 
O27o_l.wav: 2.204683e+04 
O27t_l.wav: 2.203696e+04 